1780215382288 0.20021536498654266 0
1780215701774 0.17934617018450533 1
1780216026531 0.17863070661169794 2
1780216352687 0.1781666717732232 3
1780216690620 0.17783526953586987 4
1780217034064 0.17756469263092337 5
1780217375031 0.17754177253438913 6
1780217706005 0.17738826650970452 7
1780218023632 0.17702610490959475 8
1780218340965 0.1770096911263636 9
1780218686616 0.17688963389086795 10
1780219032126 0.17669086465792433 11
1780219378142 0.17648382986327074 12
1780219722118 0.17647386901118584 13
1780220065846 0.17629530730825316 14
1780220376800 0.17608254757632902 15
1780220682705 0.17614949557485932 16
1780220988131 0.17599241480793307 17
1780221293624 0.17582567595818843 18
1780221598793 0.17569106070668447 19
