1780154368912 0.23223860479822947 0
1780154505898 0.1915030906415496 1
1780154646156 0.17436575448704422 2
1780154787759 0.1616836679751902 3
1780154928881 0.1502867134270865 4
1780155069344 0.13780177004680905 5
1780155211352 0.12611415249719896 6
1780155353965 0.11337135967425432 7
1780155496407 0.09830209369620234 8
1780155637525 0.0862492469028322 9
1780155779377 0.07095016412642025 10
1780155922077 0.06446428583445034 11
1780156065276 0.060337323144317494 12
1780156206388 0.046908597897635684 13
1780156346950 0.042057726045198945 14
