1780156504952 0.2681956289603805 0
1780156645627 0.19866714555918258 1
1780156785424 0.17065027302603838 2
1780156925876 0.14054873725256972 3
1780157075346 0.11211971561524117 4
1780157215842 0.0909002812960917 5
1780157356018 0.07465143854920653 6
1780157496170 0.06222809785094101 7
1780157637732 0.05041196461430884 8
1780157779140 0.04328972194699816 9
1780157921184 0.034101894694958626 10
1780158069531 0.02923344958228962 11
1780158212349 0.02708092141634463 12
1780158354927 0.0224174602414319 13
1780158496351 0.022976540405529662 14
1780158638089 0.018390494533344556 15
1780158786704 0.018536231530024257 16
1780158928962 0.012936483363910017 17
1780159070602 0.01268441217055399 18
1780159211547 0.012428933323524032 19
