1780227945418 0.16623719552727406 0
1780228647110 0.1583795352479126 1
1780229349560 0.1550309268668461 2
1780230052590 0.15272718635781704 3
1780230756427 0.150341684727433 4
1780231460100 0.14846712329883457 5
1780232164805 0.14616354306614848 6
1780232868308 0.14385459548304813 7
1780233572113 0.14150937946473421 8
1780234275682 0.13894888893050825 9
1780234979480 0.13611790128469953 10
1780235683308 0.13262827928110607 11
1780236386984 0.12891960642495165 12
1780237091047 0.12446130049338035 13
1780237794625 0.11934462493241867 14
